3580044
3581357
3581582
3578875
3579368
3579636
3580454
3581063
3582097
3581521
3578889
3580667
3580583
3580963
3579265
3581014
3580438
3579405
3580461
3581595
3581611
3580392
3579653
3581602
3579456
3581839
3580952
3578700
3578928
3581420
3579730
3578567
3578710
3579171
3581648
3580649
3578652
3579597
3579532
3579945
3580596
3580976
3579497
3580635
3579314
3581270
3580862
3580063
3580217
3581026
3581003
3580317
3578190
3579044
3580511
3581170
3579690
3580065
3587671
3578757
3580109
3579166
3581705
3579540
3579470
3576814
3581563
3581485
3579492
3582000
3581179
3580951
3579897
3581840
3580732
3579899
3580790
3581526
3589223
3580961
3589507
3580814
3589527
3581848
3588925
3577698
3577433
3579839
3580206
3579672
3582226
3581301
3581127
3589802
3580697
3580155
3589708
3579399
3577867
3580405
3587612
3578679
3579277
3580601
3579159
3589422
3580196
3590281
3582048
3580253
3579365
3581513
3580137
3582262
3579951
3580478
3579053
3580966
3590693
3578876
3581487
3581028
3590292
3581777
3580232
3580015
3397864
3420517
3394482
3384085
3392916
3391066
3419134
3422247
3393403
3383526
3398133
3396447
3418191
3493560
3383670
3413028
3422395
3438366
3422854
3416876
3394910
3423026
3453212
3456624
3497986
3533853
3534105
3422903
3433310
3461320
3461321
3399615
3418129
3419298
3405024
3438246
3379086
3417642
3425099
3435643
3425352
3417584
3398143
3435697
3433512
3439734
3443984
3460540
3399052
3417017
3503196
3516152
3518354
3517281
3518160
3521955
3518505
3521357
3524657
3521474
3519155
3521588
3519511
3522536
3507486
3521868
3517835
3506232
3514679
3517211
3520157
3507070
3517444
3521367
3523541
3520222
3506772
3520372
3523155
3525960
3526841
3522088
3522158
3523451
3520623
3509403
3526503
3521447
3523087
3526386
3518772
3522980
3525573
3520367
3510579
3520782
3520546
3524569
3528004
3522638
3521863
3522048
3524477
3510887
3520824
3524321
3521310
3523952
3526325
3525256
3527203
3524990
3525953
3522425
